123 # Nombre de tests
5 10 20 30 40 50
3 100 200 150
6 50 60 70 65 80 90
4 30 40 50 45
7 10 20 30 40 35 25 15
3 50 60 70
4 80 90 100 95
6 30 40 50 60 55 45
5 70 80 90 85 75
8 10 20 30 40 35 25 15 5
3 60 70 80
4 90 100 110 105
6 40 50 60 70 65 55
5 80 90 100 95 85
8 15 25 35 45 40 30 20 10
3 70 80 90
4 100 110 120 115
6 50 60 70 80 75 65
5 90 100 110 105 95
8 20 30 40 50 45 35 25 15
3 80 90 100
4 110 120 130 125
6 60 70 80 90 85 75
5 100 110 120 115 105
8 25 35 45 55 50 40 30 20
3 90 100 110
4 120 130 140 135
6 70 80 90 100 95 85
5 110 120 130 125 115
8 30 40 50 60 55 45 35 25
3 100 110 120
4 130 140 150 145
6 80 90 100 110 105 95
5 120 130 140 135 125
8 35 45 55 65 60 50 40 30
3 110 120 130
4 140 150 160 155
6 90 100 110 120 115 105
5 130 140 150 145 135
8 40 50 60 70 65 55 45 35
3 120 130 140
4 150 160 170 165
6 100 110 120 130 125 115
5 140 150 160 155 145
8 45 55 65 75 70 60 50 40
3 130 140 150
4 160 170 180 175
6 110 120 130 140 135 125
5 150 160 170 165 155
8 50 60 70 80 75 65 55 45
3 140 150 160
4 170 180 190 185
6 120 130 140 150 145 135
5 160 170 180 175 165
8 55 65 75 85 80 70 60 50
3 150 160 170
4 180 190 200 195
6 130 140 150 160 155 145
5 170 180 190 185 175
8 60 70 80 90 85 75 65 55
3 160 170 180
4 190 200 210 205
6 140 150 160 170 165 155
5 180 190 200 195 185
8 65 75 85 95 90 80 70 60
3 170 180 190
4 200 210 220 215
6 150 160 170 180 175 165
5 190 200 210 205 195
8 70 80 90 100 95 85 75 65
3 180 190 200
4 210 220 230 225
6 160 170 180 190 185 175
5 200 210 220 215 205
8 75 85 95 105 100 90 80 70
3 190 200 210
4 220 230 240 235
6 170 180 190 200 195 185
5 210 220 230 225 215
8 80 90 100 110 105 95 85 75
3 200 210 220
4 230 240 250 245
6 180 190 200 210 205 195
5 220 230 240 235 225
8 85 95 105 115 110 100 90 80
3 210 220 230
4 240 250 260 255
6 190 200 210 220 215 205
5 230 240 250 245 235
8 90 100 110 120 115 105 95 85
3 220 230 240
4 250 260 270 265
6 200 210 220 230 225 215
5 240 250 260 255 245
8 95 105 115 125 120 110 100 90
3 230 240 250
4 260 270 280 275
6 210 220 230 240 235 225
5 250 260 270 265 255
8 100 110 120 130 125 115 105 95
3 240 250 260
4 270 280 290 285
6 220 230 240 250 245 235
5 260 270 280 275 265
8 105 115 125 135 130 120 110 100
3 250 260 270
4 280 290 300 295
6 230 240 250 260 255 245
5 270 280 290 285 275
8 110 120 130 140 135 125 115 105
3 260 270 280
4 290 300 310 305
6 240 250 260 270 265 255
5 280 290 300 295 285
8 115 125 135 145 140 130 120 110
3 270 280 290
4 300 310 320 315
6 250 260 270 280 275 265
5 290 300 310 305 295
8 120 130 140 150 145 135 125 115
3 280 290 300
4 310 320 330 325
6 260 270 280 290 285